9 0.395 0.7987987987987988 0.746 0.3963963963963964
3 0.788 0.5720720720720721 0.20400000000000001 0.4894894894894895
3 0.62 0.4249249249249249 0.196 0.33933933933933935
3 0.328 0.487987987987988 0.14 0.23123123123123124
3 0.498 0.496996996996997 0.152 0.2132132132132132
3 0.135 0.6621621621621622 0.254 0.6696696696696697
12 0.165 0.6051051051051051 0.046 0.2072072072072072
12 0.233 0.5885885885885885 0.034 0.12012012012012012
12 0.268 0.5735735735735735 0.032 0.10810810810810811
12 0.537 0.5645645645645646 0.034 0.09009009009009009
0 0.884 0.7087087087087087 0.18 0.27627627627627627