13 0.623 0.608974358974359 0.65 0.6410256410256411
3 0.5760000000000001 0.37820512820512825 0.528 0.7051282051282052
3 0.317 0.20299145299145302 0.054 0.11111111111111112
3 0.248 0.19871794871794873 0.04 0.12820512820512822
3 0.221 0.2136752136752137 0.054 0.0982905982905983
3 0.154 0.20405982905982908 0.044 0.13034188034188035
3 0.108 0.21581196581196582 0.068 0.11111111111111112
3 0.046 0.2136752136752137 0.052000000000000005 0.10683760683760685
3 0.386 0.20405982905982908 0.032 0.11324786324786326
3 0.417 0.19337606837606838 0.038 0.10042735042735043
3 0.775 0.21581196581196582 0.034 0.042735042735042736
3 0.755 0.2136752136752137 0.03 0.05555555555555556
3 0.864 0.20833333333333334 0.036000000000000004 0.057692307692307696
3 0.8260000000000001 0.21581196581196582 0.032 0.047008547008547015