9 0.5013333333333333 0.516 0.992 0.9520000000000001
0 0.172 0.126 0.16266666666666665 0.22
0 0.268 0.084 0.088 0.152
0 0.6719999999999999 0.061 0.06933333333333333 0.078
0 0.6986666666666667 0.114 0.064 0.068
0 0.7693333333333333 0.11800000000000001 0.12533333333333332 0.124
0 0.78 0.184 0.09866666666666667 0.108
0 0.8826666666666666 0.192 0.18133333333333332 0.164
0 0.9066666666666666 0.27 0.18133333333333332 0.224
12 0.508 0.034 0.04533333333333333 0.068
12 0.508 0.264 0.09333333333333332 0.26