3 0.923 0.8039999999999999 0.15 0.38666666666666666
3 0.546 0.6626666666666666 0.304 0.632
3 0.406 0.5519999999999999 0.232 0.3733333333333333
3 0.10400000000000001 0.4373333333333333 0.20800000000000002 0.21866666666666665
9 0.34500000000000003 0.756 0.6900000000000001 0.48266666666666663
0 0.73 0.7853333333333333 0.14400000000000002 0.424
0 0.251 0.48266666666666663 0.094 0.06933333333333333
14 0.488 0.348 0.1 0.152
14 0.47100000000000003 0.18666666666666665 0.098 0.14933333333333332
14 0.381 0.204 0.066 0.16799999999999998
14 0.342 0.10533333333333333 0.096 0.16266666666666665
14 0.339 0.408 0.07 0.16