14 0.10300000000000001 0.152 0.20600000000000002 0.304
3 0.885 0.3133333333333333 0.226 0.36533333333333334
3 0.757 0.7293333333333333 0.482 0.536
3 0.23700000000000002 0.696 0.47400000000000003 0.6026666666666667
3 0.037 0.36133333333333334 0.074 0.17866666666666667
3 0.213 0.268 0.198 0.30666666666666664
3 0.42 0.24933333333333332 0.168 0.216
3 0.589 0.256 0.246 0.29866666666666664
0 0.717 0.324 0.03 0.104
0 0.35000000000000003 0.3213333333333333 0.02 0.072
0 0.10200000000000001 0.36933333333333335 0.06 0.14666666666666667
0 0.994 0.41466666666666663 0.008 0.10933333333333332
9 0.506 0.6773333333333333 0.984 0.64