17 0.14 0.31466666666666665 0.28 0.432
17 0.189 0.732 0.378 0.5306666666666666
17 0.589 0.6026666666666667 0.278 0.448
17 0.784 0.568 0.3 0.45866666666666667
17 0.734 0.776 0.528 0.44266666666666665
17 0.861 0.19999999999999998 0.17400000000000002 0.23466666666666666
17 0.9420000000000001 0.132 0.112 0.24266666666666667
17 0.41500000000000004 0.316 0.19 0.248
17 0.558 0.4066666666666667 0.316 0.424
17 0.607 0.21733333333333332 0.09 0.088
17 0.309 0.12 0.222 0.24
17 0.099 0.050666666666666665 0.198 0.10133333333333333
17 0.868 0.09466666666666666 0.20400000000000001 0.18933333333333333
17 0.511 0.08266666666666667 0.186 0.16533333333333333
17 0.669 0.08 0.134 0.16