17 0.743 0.458 0.31 0.23600000000000002
17 0.623 0.332 0.298 0.076
17 0.6900000000000001 0.317 0.304 0.074
17 0.3 0.404 0.308 0.28400000000000003
17 0.068 0.31 0.136 0.192
17 0.3 0.23600000000000002 0.188 0.048
17 0.524 0.248 0.124 0.06
17 0.537 0.23500000000000001 0.258 0.074
17 0.495 0.47000000000000003 0.23800000000000002 0.248
17 0.926 0.255 0.116 0.066
17 0.145 0.361 0.262 0.218
17 0.9520000000000001 0.324 0.092 0.16
17 0.974 0.20800000000000002 0.044 0.064
17 0.786 0.244 0.1 0.07200000000000001
17 0.808 0.261 0.124 0.054
17 0.879 0.388 0.114 0.228
17 0.671 0.257 0.138 0.078
17 0.271 0.277 0.05 0.058
17 0.18 0.249 0.10400000000000001 0.05