3 0.432 0.6170212765957447 0.08 0.19148936170212766
3 0.7000000000000001 0.5438829787234042 0.04 0.15691489361702127
3 0.891 0.5199468085106382 0.026000000000000002 0.07180851063829786
3 0.86 0.5292553191489362 0.028 0.0851063829787234
3 0.807 0.5093085106382979 0.03 0.0398936170212766
18 0.23900000000000002 0.6702127659574468 0.242 0.1595744680851064
18 0.17500000000000002 0.6648936170212766 0.218 0.13829787234042554
18 0.592 0.6316489361702128 0.16 0.125
18 0.496 0.6196808510638298 0.056 0.07446808510638298
18 0.789 0.5691489361702128 0.066 0.0851063829787234
18 0.742 0.5638297872340425 0.044 0.0851063829787234
18 0.838 0.5412234042553191 0.028 0.061170212765957445