17 0.678 0.7410179640718564 0.14 0.4880239520958084
17 0.52 0.565868263473054 0.092 0.3353293413173653
17 0.553 0.251497005988024 0.054 0.1377245508982036
17 0.436 0.22005988023952097 0.044 0.09880239520958084
17 0.835 0.42814371257485034 0.23 0.281437125748503
17 0.299 0.7874251497005988 0.366 0.4191616766467066
17 0.331 0.5988023952095809 0.334 0.36526946107784436
17 0.394 0.438622754491018 0.12 0.08682634730538923
17 0.181 0.5703592814371258 0.202 0.3323353293413174
17 0.099 0.438622754491018 0.198 0.3203592814371258
17 0.796 0.5449101796407186 0.22 0.3473053892215569