3 0.098 0.4923780487804878 0.08 0.3018292682926829
3 0.92 0.5121951219512195 0.044 0.21951219512195122
3 0.748 0.5182926829268293 0.056 0.16463414634146342
3 0.707 0.5167682926829269 0.054 0.16158536585365854
3 0.73 0.45121951219512196 0.032 0.07926829268292683
3 0.594 0.4649390243902439 0.04 0.0701219512195122
3 0.443 0.4649390243902439 0.034 0.06402439024390244
3 0.40700000000000003 0.5167682926829269 0.058 0.15548780487804878
3 0.34600000000000003 0.4634146341463415 0.044 0.07926829268292683
3 0.306 0.5121951219512195 0.06 0.17073170731707318
3 0.029 0.5121951219512195 0.058 0.17073170731707318