13 0.08700000000000001 0.7106666666666667 0.07 0.17333333333333334
13 0.225 0.7066666666666667 0.066 0.19733333333333333
3 0.149 0.6773333333333333 0.046 0.208
3 0.187 0.6759999999999999 0.058 0.24266666666666667
3 0.431 0.692 0.07 0.312
3 0.776 0.6613333333333333 0.052000000000000005 0.224
3 0.898 0.616 0.044 0.08533333333333333
13 0.333 0.7213333333333333 0.058 0.16799999999999998
13 0.373 0.6973333333333334 0.058 0.152
13 0.899 0.7253333333333333 0.058 0.13333333333333333
3 0.361 0.62 0.03 0.08266666666666667
1 0.594 0.7266666666666667 0.232 0.2693333333333333