19 0.401 0.39866666666666667 0.798 0.6906666666666667
1 0.8200000000000001 0.47733333333333333 0.06 0.12266666666666666
3 0.985 0.45066666666666666 0.018000000000000002 0.058666666666666666
3 0.9430000000000001 0.444 0.01 0.050666666666666665
3 0.903 0.45199999999999996 0.014 0.056
3 0.917 0.4413333333333333 0.014 0.04533333333333333
3 0.87 0.45466666666666666 0.02 0.04533333333333333
3 0.672 0.204 0.028 0.04
3 0.638 0.20533333333333334 0.028 0.03733333333333333
3 0.598 0.18666666666666665 0.036000000000000004 0.042666666666666665
3 0.556 0.16799999999999998 0.036000000000000004 0.03733333333333333
3 0.509 0.15333333333333332 0.042 0.04
3 0.456 0.13599999999999998 0.036000000000000004 0.048
3 0.395 0.11599999999999999 0.066 0.072
3 0.618 0.43866666666666665 0.036000000000000004 0.050666666666666665
3 0.652 0.428 0.028 0.056