9 0.352 0.847 0.704 0.302
9 0.512 0.633 0.448 0.486
3 0.20266666666666666 0.554 0.3893333333333333 0.356
3 0.2693333333333333 0.461 0.21333333333333332 0.246
3 0.40399999999999997 0.432 0.20533333333333334 0.24
3 0.564 0.382 0.18933333333333333 0.168
3 0.7666666666666666 0.406 0.22133333333333333 0.188
3 0.9239999999999999 0.41600000000000004 0.14666666666666667 0.108
3 0.852 0.617 0.2906666666666667 0.462
3 0.82 0.81 0.35466666666666663 0.376
3 0.06799999999999999 0.278 0.09866666666666667 0.128