1 0.977 0.5973282442748091 0.042 0.08778625954198473
1 0.911 0.58206106870229 0.11 0.11068702290076335
1 0.854 0.5954198473282443 0.064 0.08396946564885496
1 0.79 0.5896946564885496 0.052000000000000005 0.08778625954198473
1 0.637 0.5782442748091603 0.074 0.09541984732824427
1 0.433 0.5877862595419847 0.07 0.11450381679389313
1 0.342 0.5858778625954199 0.088 0.11068702290076335
1 0.254 0.599236641221374 0.07200000000000001 0.1297709923664122
1 0.135 0.5935114503816794 0.098 0.11832061068702289
1 0.04 0.5935114503816794 0.076 0.09541984732824427
15 0.6900000000000001 0.6526717557251908 0.036000000000000004 0.1297709923664122
15 0.554 0.6583969465648855 0.044 0.14885496183206107
15 0.508 0.6698473282442747 0.04 0.1412213740458015
15 0.481 0.6755725190839694 0.042 0.183206106870229
15 0.417 0.6583969465648855 0.042 0.14885496183206107
15 0.315 0.6622137404580153 0.05 0.1412213740458015
15 0.11800000000000001 0.6717557251908397 0.048 0.1450381679389313
1 0.704 0.5706106870229007 0.116 0.14885496183206107