0 0.10400000000000001 0.8333333333333333 0.20800000000000002 0.328
0 0.908 0.6799999999999999 0.18 0.3466666666666667
0 0.76 0.5253333333333333 0.092 0.07466666666666666
0 0.978 0.536 0.04 0.128
0 0.857 0.576 0.082 0.20266666666666666
0 0.046 0.6333333333333333 0.092 0.19466666666666665
3 0.594 0.5013333333333333 0.808 0.992
3 0.724 0.4493333333333333 0.056 0.07733333333333334
3 0.785 0.4533333333333333 0.042 0.058666666666666666
3 0.674 0.44666666666666666 0.04 0.06666666666666667
14 0.064 0.46399999999999997 0.07200000000000001 0.11733333333333333
14 0.153 0.4573333333333333 0.078 0.16799999999999998
9 0.757 0.644 0.17 0.19999999999999998