0 0.6866666666666666 0.555 0.16799999999999998 0.13
9 0.22666666666666666 0.598 0.31466666666666665 0.06
16 0.4013333333333333 0.5750000000000001 0.23199999999999998 0.11800000000000001
0 0.29333333333333333 0.555 0.09066666666666666 0.05
0 0.28933333333333333 0.662 0.16799999999999998 0.232
0 0.096 0.6930000000000001 0.192 0.23800000000000002
3 0.12933333333333333 0.502 0.056 0.044
3 0.16666666666666666 0.634 0.27999999999999997 0.26
0 0.5613333333333334 0.601 0.22133333333333333 0.134
12 0.15733333333333333 0.558 0.03733333333333333 0.068
12 0.18266666666666667 0.555 0.029333333333333333 0.062
12 0.204 0.56 0.024 0.068
12 0.21733333333333332 0.553 0.024 0.074